205099.38677192564  


con los puntos  



[[8016, 31717], [9085, 31830], [5539, 29296], [6327, 26144], [13082, 30253], [8579, 28902], [14996, 27495], [13364, 25581], [13645, 24736], [15953, 23498], [10635, 24414], [10547, 23857], [10225, 22891], [8731, 21807], [13535, 21397], [14970, 19903], [18104, 21748], [17225, 24531], [21063, 27812], [21356, 27431], [23582, 28398], [23465, 28896], [22088, 31093], [20008, 31327], [23318, 31883], [25281, 31122], [9463, 20166], [8877, 18204], [6592, 18555], [6211, 19141], [4512, 19317], [4600, 18643], [3663, 18174], [4425, 17618], [9961, 17413], [10137, 16329], [13434, 16066], [14355, 16446], [13715, 16289], [6443, 13005], [8000, 12000], [6988, 9572], [5159, 10053], [3716, 6428], [5352, 6620], [6860, 5272], [8000, 6000], [9395, 6235], [9459, 4759], [10358, 4021], [11545, 5850], [12122, 9187], [12507, 10567], [13727, 10406], [14368, 3315], [18000, 2000], [18861, 2577], [22037, 1262], [22230, 3058], [24412, 1775], [25053, 6492], [27428, 5240], [28166, 4631], [18508, 10438], [21813, 10759], [19631, 6845], [23417, 12235], [22005, 13390], [20016, 13583], [18893, 15219], [24957, 12717], [27331, 12203], [24604, 14546], [25727, 15123], [24283, 14931], [22647, 15701], [20657, 17177], [21877, 18813], [23289, 19070], [24059, 19262], [25470, 19423], [26433, 19134], [25888, 18332], [30828, 4201], [32838, 4970], [32513, 6093], [34671, 7897], [33724, 9460], [32022, 6843], [31028, 7811], [30609, 8753], [32598, 14512], [32415, 16239], [31237, 16292], [34640, 22207], [32232, 24275], [31368, 25348], [32598, 27546], [35661, 30583], [35451, 31394], 



[20270.144661352384, 3749.1768161942487], [6692.094436614358, 28302.4379563949], [33926.711670379074, 8148.585387029614], [6121.186628572874, 9222.701608760584], [22722.139856969363, 1951.0684113329696], [20092.165220235427, 9566.830448722214], [9774.383511396692, 30421.934573568073], [14368.30883743518, 23291.704320491433], [16883.28094226398, 23304.74181621189], [11621.848146242242, 4914.236443939499], [25702.908831784305, 5306.023145451971], [22377.093109013207, 12061.113968542304], [24124.78299419712, 30950.52906559899], [4213.649168598759, 18086.60789480329], [13352.213342691619, 25048.791205453002], [26070.67944904396, 18825.65293146089], [7501.776776664961, 12613.959521931083], [21330.35257060123, 17284.21868191307], [22727.32504234612, 12306.480710439031], [9189.991906628831, 5873.670779021536]]

Con 10 puntos solamente

206642.9450628271

[[8016, 31717], [9085, 31830], [5539, 29296], [6327, 26144], [13082, 30253], [8579, 28902], [14996, 27495], [13364, 25581], [13645, 24736], [15953, 23498], [10635, 24414], [10547, 23857], [10225, 22891], [8731, 21807], [13535, 21397], [14970, 19903], [18104, 21748], [17225, 24531], [21063, 27812], [21356, 27431], [23582, 28398], [23465, 28896], [22088, 31093], [20008, 31327], [23318, 31883], [25281, 31122], [9463, 20166], [8877, 18204], [6592, 18555], [6211, 19141], [4512, 19317], [4600, 18643], [3663, 18174], [4425, 17618], [9961, 17413], [10137, 16329], [13434, 16066], [14355, 16446], [13715, 16289], [6443, 13005], [8000, 12000], [6988, 9572], [5159, 10053], [3716, 6428], [5352, 6620], [6860, 5272], [8000, 6000], [9395, 6235], [9459, 4759], [10358, 4021], [11545, 5850], [12122, 9187], [12507, 10567], [13727, 10406], [14368, 3315], [18000, 2000], [18861, 2577], [22037, 1262], [22230, 3058], [24412, 1775], [25053, 6492], [27428, 5240], [28166, 4631], [18508, 10438], [21813, 10759], [19631, 6845], [23417, 12235], [22005, 13390], [20016, 13583], [18893, 15219], [24957, 12717], [27331, 12203], [24604, 14546], [25727, 15123], [24283, 14931], [22647, 15701], [20657, 17177], [21877, 18813], [23289, 19070], [24059, 19262], [25470, 19423], [26433, 19134], [25888, 18332], [30828, 4201], [32838, 4970], [32513, 6093], [34671, 7897], [33724, 9460], [32022, 6843], [31028, 7811], [30609, 8753], [32598, 14512], [32415, 16239], [31237, 16292], [34640, 22207], [32232, 24275], [31368, 25348], [32598, 27546], [35661, 30583], [35451, 31394]]

puntos steiner

[[6799.380247519155, 28301.359941912433], [20282.414160382144, 3757.105895736902], [19744.945812472622, 9879.540363492071], [26008.046579152495, 5084.38802565978], [14704.437968616152, 23450.174673446858], [11568.5004194525, 4800.022429474008], [9673.570188542479, 30926.48841492318], [16759.297296327273, 23603.22019669654], [22432.865523863962, 2066.744854447667], [13335.835649167238, 24964.52935530472]]



MEJORA VALOR MINIMO

Peso

206509.8509405206

Puntos steiner

[20005.598078102114, 3568.0293830499213], [6718.611687238407, 28384.38948285354], [19851.36105559903, 9526.52613589063], [9685.70824797912, 30497.77776687783], [14369.787428026675, 23337.403416248904], [22874.619225190323, 2003.3196678580712], [6096.37727403534, 9383.042343963443], [26088.528727779893, 5019.578003370716], [33880.24341366201, 8154.094256152394], [4229.118361155875, 18097.64511591964]] 206509.8509405206

-----

Peso
206357.62940774264

Puntos Steiner

[20307.81814400283, 3804.0630296756885], [6689.781065688405, 28388.1737403941], [14356.19197917236, 23304.523019160853], [19607.516349399873, 9654.848479552484], [11512.012408775214, 4638.856580786782], [25855.72984624945, 5098.984395419371], [5959.183685366019, 9406.157453123113], [22706.23293559074, 2003.7145263370126], [9699.937709137128, 30298.343800427094], [16911.10178628403, 23639.586883273318]]


-----

Valor minimo encontrado

 Puntos
 [20307.81814400283, 3804.0630296756885], [6689.781065688405, 28388.1737403941], [14356.19197917236, 23304.523019160853], [19607.516349399873, 9654.848479552484], [11512.012408775214, 4638.856580786782], [25855.72984624945, 5098.984395419371], [5959.183685366019, 9406.157453123113], [22706.23293559074, 2003.7145263370126], [9699.937709137128, 30298.343800427094], [16911.10178628403, 23639.586883273318]]

Peso
 206357.62940774264
