Valor mínimo encontrado

Puntos originales:
[[21.608109233881, 57.4619884880364], [25.3309856326951, 55.0687108030845], [16.5556341212047, 48.6866369765461], [24.1343467902191, 22.4935423134613], [84.764048142334, 40.0442453364419], [92.4757206827346, 13.7181908019709], [83.4344494284718, 6.9372373612739], [87.4232455700583, 4.8098794190944]]

 Puntos encontrados: 
 [[28.723534970870848, 32.64841979524475], [80.64814571921482, 33.19698171849709], [22.243616179089127, 55.62450476050588], [86.67577922920229, 6.390141894358221], [18.773667158818167, 48.66695121088938], [90.45439629813198, 13.671348430038286], [29.233089983255823, 31.809087633965994], [79.6326485548433, 31.51247320102749], [22.47660969406386, 55.27854551673512], [86.47871933788058, 6.777877239977656]] 
 
 Peso mínimo encontrado:
 
 141.9124195765307
