Valor minimo encontrado

Puntos originales:

[[10.3409829355937, 60.7676676562085],
 [49.8925968997656, 79.2317621718143],
 [83.7195416893588, 59.5317813901422],
 [31.2245892631934, 29.2406789531525],
 [66.4544935591975, 30.0703231129862]]

Puntos steiner:

 [[72.90791497610446, 56.85052445453125],
 [63.49130023581638, 33.85062154301613],
 [32.24152206125156, 31.322112014162553],
 [69.60581858079993, 56.15416269277152],
 [61.54719951905234, 36.86183271866079],
 [32.87473119202578, 33.04867048927102],
 [68.81953019372122, 56.02740826048551]]

Peso encontrado 142.94441606376785